%YAML:1.0
LeftTopX: 0
LeftTopY: 4
RightTopX: 7726
RightTopY: 5
LeftBottomX: 6
LeftBottomY: 5360
RightBottomX: 7719
RightBottomY: 5360
LensNumX: 542
LensNumY: 434

FocalLength: 0.009971195592043038
LensDistance: 0.009971195592043038
MLAFocalLength: 0.000036
PixelSizeX: 0.0000014
PixelSizeY: 0.0000014
WhiteBalanceR: 1.0
WhiteBalanceG: 0.7
WhiteBalanceB: 0.8
IntensityScale: 0.8
RefractiveIndex: 1.33
nx: -0.0255988
ny: 0.10152
DepthToHousing: 0.159687
